4626526019441161|08|24|194
4264031039236342|11|25|236
4626526019441161|08|24|194
4264031039236342|11|25|236
4626526019441161|08|24|194
4334772333111246|01|2024|180
5402874780013323|06|2025|642
4264031039236342|11|25|236
4626526019441161|08|24|194
4271783666364919|12|21|480|311|75901|9362087596
4256015405152860|06|24|810
4690728348684575|10|21|111|229
5489621159361411|08|2027|488
5362261091039759|02|2026|952
4264031039236342|11|25|236|4626526019441161|08|24|194
5156768025431571|03|23|916
4254188431832631|12|23|193|5734|48228
4733363899845224|08|2023|417
5428681903300682|08|23|677|4810|99352|2065513935|09
4428681903300682|08|23|677|4810|99352|2065513935|09
4240020165125022|05|2023|735
4347692041022672|06|26|838
4319473930641797|02|23|964|12
4115680171649372|08|2023|737|2047|11|5|0|3|9999929|0|3
